%YAML:1.0 # need to specify the file type at the top!
cam0:
  T_cam_imu:
   - [0.9999692653162582, -0.002529127773601127, 0.007421046797343621, -0.0004197481029998544]
   - [-0.0023253041535328677, -0.9996233000153212, -0.02734686503191154, -0.0025980198046092495]
   - [0.007487415005001888, 0.02732876834372202, -0.9995984579006507, -0.029075979344121407]
   - [0.0, 0.0, 0.0, 1.0]
  cam_overlaps: []
  camera_model: pinhole
  distortion_coeffs: [-0.03742983494562084, -0.005031595902286412, 0.0011864729443940287, -0.00044883676169071846]
  distortion_model: equidistant
  intrinsics: [596.4065632902268, 596.967330184213, 931.164770271156, 637.8648038398745]
  resolution: [1920, 1080]
  rostopic: /camera/raw
  timeshift_cam_imu: 0.007424874057331834