%YAML:1.0 # need to specify the file type at the top!

imu0:
  T_i_b:
    - [1.0, 0.0, 0.0, 0.0]
    - [0.0, 1.0, 0.0, 0.0]
    - [0.0, 0.0, 1.0, 0.0]
    - [0.0, 0.0, 0.0, 1.0]
  accelerometer_noise_density: 0.02
  accelerometer_random_walk: 0.003
  gyroscope_noise_density: 0.0016968
  gyroscope_random_walk: 1.9393e-05
  model: calibrated
  rostopic: /icm42688_imu
  time_offset: 0.0
  update_rate: 500.0
  Tw:
    - [0.9938790691774393, 0.0, 0.0]
    - [-0.004299626119613003, 0.9969763618276035, 0.0]
    - [-0.012999808788365102, 0.0025101429464220166, 0.9939182132883194]
  R_IMUtoGYRO:
    - [0.9999980576564004, -0.00031689488245396284, -0.0019453177272537893]
    - [0.00031136639751946666, 0.9999959142009359, -0.002841589766425962]
    - [0.001946210264331454, 0.002840978540509501, 0.9999940705356903]
  Ta:
    - [0.9255437518248326, 0.0, 0.0]
    - [-0.0003938525973958109, 0.9989809239875604, 0.0]
    - [-0.0017156088218428366, 0.0010260668251668532, 0.9978577789646965]
  R_IMUtoACC:
    - [ 1.0, 0.0, 0.0 ]
    - [ 0.0, 1.0, 0.0 ]
    - [ 0.0, 0.0, 1.0 ]
  Tg:
    - [-1.3123962997232302e-05, 0.00017179632980074934, -9.42770819783708e-05]
    - [-0.00015349817060192304, -0.00017512725770331414, -2.047376256409441e-05]
    - [0.0001448412601517655, 2.388305241804248e-05, 3.0086164791589194e-05]